28,1
28,3
0,273
0,270
41,49
41,48
41,47
41,46
41,45
41,44
41,43
41,42
41,41
41,40
41,39
41,38
41,37
41,36
41,35
10,82
10,132
10,26
10,264
10,92
10,302
10,64
11,10
11,25
11,15
11,24
8,4
39,5
39,4
39,3
39,2
39,1
39,0
37,5
37,4
37,3
37,2
37,1
37,0
35,4
35,3
35,2
35,1
35,0
34,4
34,3
34,2
34,1
34,0
33,5
33,4
33,3
33,2
33,1
33,0
31,4
31,1
31,3
31,2
20,3
20,2
20,1
19,3
19,2
19,1
12,3
12,2
18,1
12,1
18,3
11,27
11,26
11,22
11,18
14,1
11,14
14,3
11,12
13,1
11,3
13,3
11,2
11,1
10,298
10,248
10,212
10,194
10,190
10,150
10,144
10,32
10,3
10,2
10,1
9,7
